.Random.seed <-
c(403L, 10L, 407118064L, 678994963L, -1981339215L, 459940960L, 
2105930238L, -718318199L, -293989701L, 1217199754L, 1054423404L, 
-1310425361L, 310298917L, 332998620L, -1210530382L, 1217516717L, 
1730212967L, 196316046L, 1148308584L, 1735174251L, 1661088265L, 
1105231000L, -1810124858L, 1218331425L, 740888499L, 1835837218L, 
-780895980L, -1731700329L, 1969441165L, -332885852L, 2028587658L, 
1585447157L, -1654790321L, 1885626454L, -1880143104L, 162397763L, 
784582113L, 1454739792L, 871778222L, -1978696359L, 838077291L, 
1171491546L, 1864903580L, -647366753L, 595410421L, -1785474932L, 
342135138L, 1727499581L, -1118962249L, 36227678L, 974658456L, 
-844844293L, 1993996953L, -1288240344L, -2093846058L, -1005674927L, 
-466805501L, 1318670482L, 1766073892L, -595379993L, -1318138563L, 
517564852L, 1801090586L, 2122085733L, -1906017281L, 1252940422L, 
-1265022448L, -656584525L, -2115859631L, -367843584L, 261629406L, 
351292969L, 1446929883L, 1951361770L, 299591820L, -1314138161L, 
804114309L, 922934332L, -1973924590L, 1421134349L, 1868308807L, 
-916528338L, 28376712L, 771323787L, -1564715159L, -1342584520L, 
1620710374L, 101491585L, -1746904301L, -303979326L, -1458454668L, 
315368311L, 1085248621L, 533187332L, -1526304214L, -1534730347L, 
-1414708177L, -1813791434L, 818464096L, -1841855581L, -1418656575L, 
1365968048L, 1987666894L, -2019842247L, 804812619L, 263496954L, 
158080508L, -104927681L, -2106723563L, 1534578732L, -1772973822L, 
1990842845L, -1465734953L, 926667710L, -848792072L, 1920979419L, 
328302649L, 1307072904L, 1213707574L, -1675415695L, 527138211L, 
982171890L, 1477991492L, -2009176313L, 93112029L, 700049364L, 
1624078074L, -1285526971L, -357610849L, -2102974426L, -398738256L, 
-1306022573L, 750983281L, -1924069984L, 1831139646L, 2145396809L, 
515349755L, -521669430L, -1445221844L, -1631277521L, 786263781L, 
-412490852L, 1651844594L, 1760968813L, -1960670809L, 566344654L, 
1234796840L, -938286293L, -998899383L, 1376433752L, -570816762L, 
-1409342751L, -1828960653L, -820801822L, 1728696916L, -402261161L, 
-1709605043L, -19750172L, 1302285002L, -955202763L, -1601468017L, 
-1806819690L, 1408958016L, 650487555L, -1235624159L, -1545263088L, 
-878022674L, 140218265L, 400095275L, 1701846298L, 1233055708L, 
-2067336737L, 342349237L, -829074612L, -1893944926L, -821780227L, 
-302985737L, -118408418L, -1197242920L, -1875509445L, -146900775L, 
1642533992L, 2129971606L, -2040358639L, -1472619837L, -422366510L, 
142660452L, 774157991L, -1853341699L, 2011576820L, 711829210L, 
-942786523L, 1468740927L, 2039651014L, 694466384L, -1857648781L, 
35441041L, -1713456192L, 815230366L, -1163264151L, 172260251L, 
1981162154L, -1688515380L, -2135714417L, -315493947L, 1679078780L, 
1400659410L, -1963218611L, -100566009L, -376947730L, -734141752L, 
204299723L, -1431742423L, 259358328L, -1697965146L, -891007551L, 
605997651L, 1410334978L, 1095272500L, -2034593353L, -1613351507L, 
-1197838652L, 1003094762L, -1312721579L, 452733679L, -231925514L, 
-1178404832L, -1503794717L, 1593948801L, 1638182460L, -1079074416L, 
-452049886L, -1116561144L, 1978213516L, 1464357660L, -176467822L, 
-1560067712L, 521288724L, 1287567144L, 758611514L, -1448959536L, 
-2079858324L, -1829457996L, 959133202L, -133917728L, 1540183500L, 
-384023328L, 1734641698L, -1358262488L, -1793620468L, -818918596L, 
395271154L, -19016976L, -609910204L, 1324983896L, 1570500410L, 
594275312L, 125460156L, -60629740L, -757481278L, -485620640L, 
-449670788L, -493285424L, 605972770L, -307159384L, 299717516L, 
866194620L, 103442226L, -1473416640L, 1543556276L, 1925669960L, 
1118093754L, 1698000400L, 1362807020L, -816262828L, -679891182L, 
-1650592352L, 1865009868L, 91612768L, 1989033922L, 1788222248L, 
-847419988L, 1355921724L, -1004136590L, -717096656L, 36269860L, 
1504967992L, -1656096038L, -688609392L, 170820348L, -2004283500L, 
-708200382L, -1821000448L, -2002996164L, 1563764048L, -824440670L, 
1454217032L, 2126876428L, -1183282468L, 315870034L, -1610784128L, 
1112000596L, 567059432L, 1871976186L, -988286640L, -1355502804L, 
-341835916L, 851303314L, 1926364768L, 2042044300L, -785276064L, 
-957923358L, 486391720L, 2013676748L, -1546846724L, -666401870L, 
1558229488L, -637152828L, -730922664L, 1701115258L, -1104244304L, 
-717365316L, 683536468L, -460377150L, 1551178784L, 93076668L, 
704082512L, -1381566494L, -1391800728L, 2093611596L, 2116784380L, 
1984135154L, -196315904L, 1509830516L, 77398024L, -1961312838L, 
-723352112L, -798729236L, -1564606572L, -494791726L, -292984992L, 
-2042446516L, -1924088544L, 598483842L, -1299746072L, 1472742636L, 
555557436L, 1516487538L, -620750224L, 304820260L, 624459576L, 
314434714L, -2081662256L, 1239337148L, 1238775444L, -1757344126L, 
1861262528L, -54693572L, 1052878992L, 146203170L, 2128289288L, 
904599820L, -337409380L, 1298523666L, 861668736L, -995215852L, 
999878184L, 2143630650L, 929806288L, 1302143596L, -583930060L, 
-1898046830L, -1992713888L, 1310656844L, 890642400L, -843286622L, 
-1659621464L, -1526733940L, 673879740L, -767165582L, 1447909616L, 
675254340L, 13696344L, -37944262L, 1940454256L, 1387686972L, 
1878835988L, -1567186494L, 1509196000L, 1582139260L, -107137328L, 
-1229109598L, 1454378024L, -674426612L, -295228484L, 18414898L, 
-2123892800L, 1791767092L, 1420180424L, 1170789562L, 1524465552L, 
-1884279316L, 2088448084L, -2089726318L, 893309728L, -1532713524L, 
659880928L, -1946969406L, -1080309208L, 781117100L, 169732796L, 
-1585493518L, 1719277872L, 1577598116L, -1732724040L, -168209574L, 
-216926832L, 1372209532L, 1830511892L, 1815089474L, -626410752L, 
1671842748L, 161919824L, 418584866L, 1350581576L, 1555306508L, 
2035204188L, 1179376850L, -196200448L, -1175536812L, 425384424L, 
-961228806L, -519631152L, 1070388524L, 446922996L, -1665468526L, 
626711648L, -1180340980L, -2028339488L, -776290974L, -526146904L, 
-43791796L, 892209020L, 1327680306L, -510085520L, 1809841476L, 
505256920L, -550125446L, 1582044720L, 1182139068L, 1395615572L, 
170398274L, 307921824L, -1839750980L, 736541136L, 140649826L, 
-1855680220L, -1962842670L, 1577023015L, -566247311L, -125655370L, 
1487059540L, 2051970789L, -2015079697L, -630407640L, 1923185286L, 
-559397709L, -32241131L, 852155506L, -976062272L, -1168315095L, 
-1536420965L, -1938439060L, -1088321414L, -1055485521L, -1775253319L, 
588421838L, -2063755236L, -198354035L, -1466579465L, 1430386944L, 
1953027934L, -1096183765L, 1310691117L, -1438510182L, -92778152L, 
58672321L, -503184525L, 1177190548L, -1709087454L, -1994705865L, 
-4969215L, -307818490L, 891070020L, -439074955L, -1039273249L, 
-1507430856L, 1742802454L, -701791709L, 357273061L, -1558805502L, 
-1497029008L, 1583260697L, -1022736885L, -1855654660L, 210827562L, 
-1042522273L, 1629011689L, 1897094654L, 1615442412L, 1982806333L, 
-156751609L, -1457235728L, 82297998L, 962019003L, -1789718883L, 
-893175222L, -289957784L, 1762822225L, -608126141L, 1629384260L, 
232541426L, 1497131207L, 91130513L, -1101605866L, -1578967436L, 
-716101371L, -1837045937L, -1471033016L, 1178402022L, -1178504685L, 
-1556626059L, 682146130L, -2139745888L, -771987319L, 1471971515L, 
-1505420532L, -1753519462L, 1072750607L, 1576641625L, -1062704914L, 
-1498485892L, 1618982893L, 334860439L, 185178976L, -211854530L, 
-858139637L, -1252748147L, 604120506L, 626035704L, 261638049L, 
425689427L, -166371212L, 35238402L, 2062052503L, -954601887L, 
-1405397338L, 1925668516L, -2127004843L, -1291429889L, -36346216L, 
104115126L, 2034573379L, -414967419L, 1742498338L, -129285872L, 
1716379833L, -1807973013L, 2103549020L, -397774454L, -450882177L, 
-1936271159L, -1926685346L, 227204620L, -1428680227L, -132771609L, 
-890985200L, 174697518L, -1797164325L, -1055185987L, -1172980438L, 
2093285832L, 2143731441L, 499667043L, 1446437988L, 817219474L, 
-1168135065L, 576332849L, -246796938L, -1966953836L, -1035839323L, 
1183735215L, 1035765352L, 2095496774L, -1671136269L, 1836428117L, 
-1702820558L, -1266579200L, 712036841L, -2029697957L, -1943822676L, 
